export_contribution_type,export_proposal_id,export_proposal_published_at,export_proposal_reference,export_proposal_title,export_proposal_summary,export_proposal_description,export_proposal_author_id,export_proposal_votes_total_count,export_proposal_votes_digital_count,export_proposal_votes_paper_count,export_proposal_votes_total_points_count,export_proposal_votes_digital_points_count,export_proposal_votes_paper_points_count,export_proposal_category_name,export_proposal_theme_title,export_proposal_formatted_address,export_proposal_address_lat,export_proposal_address_lng,export_proposal_district_name,export_proposal_estimation,export_proposal_illustration,export_proposal_link,export_proposal_status_name,export_proposal_created_at,export_proposal_updated_at,export_proposal_publication_status,export_proposal_undraft_at,export_proposal_trashed_at,export_proposal_trashed_reason,export_proposal_author_username,export_proposal_author_is_email_confirmed,export_proposal_author_email,export_proposal_author_user_type_id,export_proposal_author_user_type_name,export_proposal_official_response,export_proposal_votes_id,export_proposal_votes_ranking,export_proposal_votes_created_at,export_proposal_votes_published_at,export_proposal_votes_published,export_proposal_votes_accounted,export_proposal_votes_anonymous,export_proposal_votes_author_id,export_proposal_votes_author_username,export_proposal_votes_author_is_email_confirmed,export_proposal_votes_author_is_phone_confirmed,export_proposal_votes_author_user_type_id,export_proposal_votes_author_user_type_name,export_proposal_comments_id,export_proposal_comments_body,export_proposal_comments_created_at,export_proposal_comments_published_at,export_proposal_comments_updated_at,export_proposal_comments_author_id,export_proposal_comments_author_username,export_proposal_comments_author_is_email_confirmed,export_proposal_comments_author_user_type_id,export_proposal_comments_author_user_type_name,export_proposal_comments_author_email,export_proposal_comments_pinned,export_proposal_comments_publication_status,export_proposal_comments_vote_id,export_proposal_comments_vote_created_at,export_proposal_comments_vote_published_at,export_proposal_comments_vote_author_id,export_proposal_comments_vote_author_username,export_proposal_comments_vote_author_is_email_confirmed,export_proposal_comments_vote_author_user_type_id,export_proposal_comments_vote_author_user_type_name,export_proposal_news_id,export_proposal_news_title,export_proposal_news_themes,export_proposal_news_linked_projects,export_proposal_news_linked_proposal,export_proposal_news_created_at,export_proposal_news_updated_at,export_proposal_news_published_at,export_proposal_news_publication_status,export_proposal_news_commentable,export_proposal_news_displayed_on_blog,export_proposal_news_authors_id,export_proposal_news_authors_username,export_proposal_news_authors_is_email_confirmed,export_proposal_news_authors_user_type_id,export_proposal_news_authors_user_type_name,export_proposal_news_comments_id,export_proposal_news_comments_body,export_proposal_news_comments_parent,export_proposal_news_comments_created_at,export_proposal_news_comments_published_at,export_proposal_news_comments_updated_at,export_proposal_news_comments_author_id,export_proposal_news_comments_author_username,export_proposal_news_comments_author_is_email_confirmed,export_proposal_news_comments_author_user_type_id,export_proposal_news_comments_author_user_type_name,export_proposal_news_comments_author_email,export_proposal_news_comments_pinned,export_proposal_news_comments_publication_status,export_proposal_news_comments_vote_id,export_proposal_news_comments_vote_created_at,export_proposal_news_comments_vote_published_at,export_proposal_news_comments_vote_author_id,export_proposal_news_comments_vote_author_username,export_proposal_news_comments_vote_author_is_email_confirmed,export_proposal_news_comments_vote_author_user_type_id,export_proposal_news_comments_vote_author_user_type_name,export_proposal_news_comments_reportings_id,export_proposal_news_comments_reportings_created_at,export_proposal_news_comments_reportings_author_id,export_proposal_news_comments_reportings_author_username,export_proposal_news_comments_reportings_author_is_email_confirmed,export_proposal_news_comments_reportings_author_user_type_id,export_proposal_news_comments_reportings_author_user_type_name,export_proposal_reportings_id,export_proposal_reportings_body,export_proposal_reportings_created_at,export_proposal_reportings_author_id,export_proposal_reportings_author_username,export_proposal_reportings_author_is_email_confirmed,export_proposal_reportings_author_user_type_id,export_proposal_reportings_author_user_type_name
export_contribution_type_proposal,proposal14,"2017-02-01 14:00:00","""5-1""","Mon super projet",,TODO,user1,50,50,0,0,0,0,,Justice,,,,"Maurepas Patton",100,,https://capco.dev/project/appel-a-projets/collect/collecte-des-propositions-avec-vote-simple/proposals/mon-super-projet?_locale=fr-FR,"En cours","2017-02-01 14:00:00","2017-02-01 14:00:00",export_proposal_publication_status_published,"2017-02-01 14:00:00",,,lbrunet,Oui,lbrunet@cap-collectif.com,1,Citoyen,,,,,,,,,,,,,,,,,,,,,,,,,,,,,,,,,,,,,,,,,,,,,,,,,,,,,,,,,,,,,,,,,,,,,,,,,,,,,,,,,,,,,,,,
export_contribution_type_proposal_comment,proposal14,"2017-02-01 14:00:00","""5-1""","Mon super projet",,TODO,user1,50,50,0,0,0,0,,Justice,,,,"Maurepas Patton",100,,https://capco.dev/project/appel-a-projets/collect/collecte-des-propositions-avec-vote-simple/proposals/mon-super-projet?_locale=fr-FR,"En cours","2017-02-01 14:00:00","2017-02-01 14:00:00",export_proposal_publication_status_published,"2017-02-01 14:00:00",,,lbrunet,Oui,lbrunet@cap-collectif.com,1,Citoyen,,,,,,,,,,,,,,,proposalComment72,"Lorem ipsum dolor sit amet, consectetur adipiscing elit. In in elit eget dui bibendum luctus euismod sit amet odio. Pellentesque habitant morbi tristique senectus et netus et malesuada fames ac turpis egestas. Aliquam erat volutpat. Nulla mollis aliquam faucibus. Nullam pharetra mattis lacus. In vitae ex nisl. Integer faucibus, purus vitae egestas gravida, ante nisi semper magna, nec interdum est orci at purus.","2016-02-01 00:00:00","2016-02-01 00:00:00","2017-02-01 00:00:00",user5,user,Oui,1,Citoyen,user@test.com,Non,Publié,,,,,,,,,,,,,,,,,,,,,,,,,,,,,,,,,,,,,,,,,,,,,,,,,,,,,,,,,,,,,
export_contribution_type_proposal_comment,proposal14,"2017-02-01 14:00:00","""5-1""","Mon super projet",,TODO,user1,50,50,0,0,0,0,,Justice,,,,"Maurepas Patton",100,,https://capco.dev/project/appel-a-projets/collect/collecte-des-propositions-avec-vote-simple/proposals/mon-super-projet?_locale=fr-FR,"En cours","2017-02-01 14:00:00","2017-02-01 14:00:00",export_proposal_publication_status_published,"2017-02-01 14:00:00",,,lbrunet,Oui,lbrunet@cap-collectif.com,1,Citoyen,,,,,,,,,,,,,,,proposalCommentConfirmationToken,"Lorem ipsum dolor sit amet, consectetur adipiscing elit. In in elit eget dui bibendum luctus euismod sit amet odio. Pellentesque habitant morbi tristique senectus et netus et malesuada fames ac turpis egestas. Aliquam erat volutpat. Nulla mollis aliquam faucibus. Nullam pharetra mattis lacus. In vitae ex nisl. Integer faucibus, purus vitae egestas gravida, ante nisi semper magna, nec interdum est orci at purus.","2016-02-01 00:00:00","2016-02-01 00:00:00","2017-02-01 00:00:00",user6,user6,Oui,1,Citoyen,user6@cap-collectif.com,Non,Publié,,,,,,,,,,,,,,,,,,,,,,,,,,,,,,,,,,,,,,,,,,,,,,,,,,,,,,,,,,,,,
export_contribution_type_proposal_vote,proposal14,"2017-02-01 14:00:00","""5-1""","Mon super projet",,TODO,user1,50,50,0,0,0,0,,Justice,,,,"Maurepas Patton",100,,https://capco.dev/project/appel-a-projets/collect/collecte-des-propositions-avec-vote-simple/proposals/mon-super-projet?_locale=fr-FR,"En cours","2017-02-01 14:00:00","2017-02-01 14:00:00",export_proposal_publication_status_published,"2017-02-01 14:00:00",,,lbrunet,Oui,lbrunet@cap-collectif.com,1,Citoyen,,2000,1,"2017-02-01 00:01:00","2017-02-01 00:01:00",1,1,0,user1,lbrunet,,0,1,,,,,,,,,,,,,,,,,,,,,,,,,,,,,,,,,,,,,,,,,,,,,,,,,,,,,,,,,,,,,,,,,,,,,,,,,,,
export_contribution_type_proposal_vote,proposal14,"2017-02-01 14:00:00","""5-1""","Mon super projet",,TODO,user1,50,50,0,0,0,0,,Justice,,,,"Maurepas Patton",100,,https://capco.dev/project/appel-a-projets/collect/collecte-des-propositions-avec-vote-simple/proposals/mon-super-projet?_locale=fr-FR,"En cours","2017-02-01 14:00:00","2017-02-01 14:00:00",export_proposal_publication_status_published,"2017-02-01 14:00:00",,,lbrunet,Oui,lbrunet@cap-collectif.com,1,Citoyen,,2001,1,"2017-02-01 00:02:00","2017-02-01 00:02:00",1,1,0,user2,sfavot,,1,1,,,,,,,,,,,,,,,,,,,,,,,,,,,,,,,,,,,,,,,,,,,,,,,,,,,,,,,,,,,,,,,,,,,,,,,,,,,
export_contribution_type_proposal_vote,proposal14,"2017-02-01 14:00:00","""5-1""","Mon super projet",,TODO,user1,50,50,0,0,0,0,,Justice,,,,"Maurepas Patton",100,,https://capco.dev/project/appel-a-projets/collect/collecte-des-propositions-avec-vote-simple/proposals/mon-super-projet?_locale=fr-FR,"En cours","2017-02-01 14:00:00","2017-02-01 14:00:00",export_proposal_publication_status_published,"2017-02-01 14:00:00",,,lbrunet,Oui,lbrunet@cap-collectif.com,1,Citoyen,,2002,1,"2017-02-01 00:03:00","2017-02-01 00:03:00",1,1,0,user3,xlacot,,0,1,,,,,,,,,,,,,,,,,,,,,,,,,,,,,,,,,,,,,,,,,,,,,,,,,,,,,,,,,,,,,,,,,,,,,,,,,,,
export_contribution_type_proposal_vote,proposal14,"2017-02-01 14:00:00","""5-1""","Mon super projet",,TODO,user1,50,50,0,0,0,0,,Justice,,,,"Maurepas Patton",100,,https://capco.dev/project/appel-a-projets/collect/collecte-des-propositions-avec-vote-simple/proposals/mon-super-projet?_locale=fr-FR,"En cours","2017-02-01 14:00:00","2017-02-01 14:00:00",export_proposal_publication_status_published,"2017-02-01 14:00:00",,,lbrunet,Oui,lbrunet@cap-collectif.com,1,Citoyen,,2003,1,"2017-02-01 00:04:00","2017-02-01 00:04:00",1,1,0,userAdmin,admin,,1,1,,,,,,,,,,,,,,,,,,,,,,,,,,,,,,,,,,,,,,,,,,,,,,,,,,,,,,,,,,,,,,,,,,,,,,,,,,,
export_contribution_type_proposal_vote,proposal14,"2017-02-01 14:00:00","""5-1""","Mon super projet",,TODO,user1,50,50,0,0,0,0,,Justice,,,,"Maurepas Patton",100,,https://capco.dev/project/appel-a-projets/collect/collecte-des-propositions-avec-vote-simple/proposals/mon-super-projet?_locale=fr-FR,"En cours","2017-02-01 14:00:00","2017-02-01 14:00:00",export_proposal_publication_status_published,"2017-02-01 14:00:00",,,lbrunet,Oui,lbrunet@cap-collectif.com,1,Citoyen,,2004,1,"2017-02-01 00:05:00","2017-02-01 00:05:00",1,1,0,user5,user,,1,1,,,,,,,,,,,,,,,,,,,,,,,,,,,,,,,,,,,,,,,,,,,,,,,,,,,,,,,,,,,,,,,,,,,,,,,,,,,
export_contribution_type_proposal_vote,proposal14,"2017-02-01 14:00:00","""5-1""","Mon super projet",,TODO,user1,50,50,0,0,0,0,,Justice,,,,"Maurepas Patton",100,,https://capco.dev/project/appel-a-projets/collect/collecte-des-propositions-avec-vote-simple/proposals/mon-super-projet?_locale=fr-FR,"En cours","2017-02-01 14:00:00","2017-02-01 14:00:00",export_proposal_publication_status_published,"2017-02-01 14:00:00",,,lbrunet,Oui,lbrunet@cap-collectif.com,1,Citoyen,,2005,1,"2017-02-01 00:06:00","2017-02-01 00:06:00",1,1,0,user6,user6,,0,1,,,,,,,,,,,,,,,,,,,,,,,,,,,,,,,,,,,,,,,,,,,,,,,,,,,,,,,,,,,,,,,,,,,,,,,,,,,
export_contribution_type_proposal_vote,proposal14,"2017-02-01 14:00:00","""5-1""","Mon super projet",,TODO,user1,50,50,0,0,0,0,,Justice,,,,"Maurepas Patton",100,,https://capco.dev/project/appel-a-projets/collect/collecte-des-propositions-avec-vote-simple/proposals/mon-super-projet?_locale=fr-FR,"En cours","2017-02-01 14:00:00","2017-02-01 14:00:00",export_proposal_publication_status_published,"2017-02-01 14:00:00",,,lbrunet,Oui,lbrunet@cap-collectif.com,1,Citoyen,,2006,1,"2017-02-01 00:07:00","2017-02-01 00:07:00",1,1,0,user7,user7,,0,1,,,,,,,,,,,,,,,,,,,,,,,,,,,,,,,,,,,,,,,,,,,,,,,,,,,,,,,,,,,,,,,,,,,,,,,,,,,
export_contribution_type_proposal_vote,proposal14,"2017-02-01 14:00:00","""5-1""","Mon super projet",,TODO,user1,50,50,0,0,0,0,,Justice,,,,"Maurepas Patton",100,,https://capco.dev/project/appel-a-projets/collect/collecte-des-propositions-avec-vote-simple/proposals/mon-super-projet?_locale=fr-FR,"En cours","2017-02-01 14:00:00","2017-02-01 14:00:00",export_proposal_publication_status_published,"2017-02-01 14:00:00",,,lbrunet,Oui,lbrunet@cap-collectif.com,1,Citoyen,,2007,1,"2017-02-01 00:08:00","2017-02-01 00:08:00",1,1,0,user8,user8,,0,1,,,,,,,,,,,,,,,,,,,,,,,,,,,,,,,,,,,,,,,,,,,,,,,,,,,,,,,,,,,,,,,,,,,,,,,,,,,
export_contribution_type_proposal_vote,proposal14,"2017-02-01 14:00:00","""5-1""","Mon super projet",,TODO,user1,50,50,0,0,0,0,,Justice,,,,"Maurepas Patton",100,,https://capco.dev/project/appel-a-projets/collect/collecte-des-propositions-avec-vote-simple/proposals/mon-super-projet?_locale=fr-FR,"En cours","2017-02-01 14:00:00","2017-02-01 14:00:00",export_proposal_publication_status_published,"2017-02-01 14:00:00",,,lbrunet,Oui,lbrunet@cap-collectif.com,1,Citoyen,,2008,1,"2017-02-01 00:09:00","2017-02-01 00:09:00",1,1,0,user9,user9,,0,1,,,,,,,,,,,,,,,,,,,,,,,,,,,,,,,,,,,,,,,,,,,,,,,,,,,,,,,,,,,,,,,,,,,,,,,,,,,
export_contribution_type_proposal_vote,proposal14,"2017-02-01 14:00:00","""5-1""","Mon super projet",,TODO,user1,50,50,0,0,0,0,,Justice,,,,"Maurepas Patton",100,,https://capco.dev/project/appel-a-projets/collect/collecte-des-propositions-avec-vote-simple/proposals/mon-super-projet?_locale=fr-FR,"En cours","2017-02-01 14:00:00","2017-02-01 14:00:00",export_proposal_publication_status_published,"2017-02-01 14:00:00",,,lbrunet,Oui,lbrunet@cap-collectif.com,1,Citoyen,,2009,1,"2017-02-01 00:10:00","2017-02-01 00:10:00",1,1,0,user10,user10,,0,1,,,,,,,,,,,,,,,,,,,,,,,,,,,,,,,,,,,,,,,,,,,,,,,,,,,,,,,,,,,,,,,,,,,,,,,,,,,
export_contribution_type_proposal_vote,proposal14,"2017-02-01 14:00:00","""5-1""","Mon super projet",,TODO,user1,50,50,0,0,0,0,,Justice,,,,"Maurepas Patton",100,,https://capco.dev/project/appel-a-projets/collect/collecte-des-propositions-avec-vote-simple/proposals/mon-super-projet?_locale=fr-FR,"En cours","2017-02-01 14:00:00","2017-02-01 14:00:00",export_proposal_publication_status_published,"2017-02-01 14:00:00",,,lbrunet,Oui,lbrunet@cap-collectif.com,1,Citoyen,,2010,1,"2017-02-01 00:11:00","2017-02-01 00:11:00",1,1,0,user11,user11,,0,1,,,,,,,,,,,,,,,,,,,,,,,,,,,,,,,,,,,,,,,,,,,,,,,,,,,,,,,,,,,,,,,,,,,,,,,,,,,
export_contribution_type_proposal_vote,proposal14,"2017-02-01 14:00:00","""5-1""","Mon super projet",,TODO,user1,50,50,0,0,0,0,,Justice,,,,"Maurepas Patton",100,,https://capco.dev/project/appel-a-projets/collect/collecte-des-propositions-avec-vote-simple/proposals/mon-super-projet?_locale=fr-FR,"En cours","2017-02-01 14:00:00","2017-02-01 14:00:00",export_proposal_publication_status_published,"2017-02-01 14:00:00",,,lbrunet,Oui,lbrunet@cap-collectif.com,1,Citoyen,,2011,1,"2017-02-01 00:12:00","2017-02-01 00:12:00",1,1,0,user12,user12,,0,1,,,,,,,,,,,,,,,,,,,,,,,,,,,,,,,,,,,,,,,,,,,,,,,,,,,,,,,,,,,,,,,,,,,,,,,,,,,
export_contribution_type_proposal_vote,proposal14,"2017-02-01 14:00:00","""5-1""","Mon super projet",,TODO,user1,50,50,0,0,0,0,,Justice,,,,"Maurepas Patton",100,,https://capco.dev/project/appel-a-projets/collect/collecte-des-propositions-avec-vote-simple/proposals/mon-super-projet?_locale=fr-FR,"En cours","2017-02-01 14:00:00","2017-02-01 14:00:00",export_proposal_publication_status_published,"2017-02-01 14:00:00",,,lbrunet,Oui,lbrunet@cap-collectif.com,1,Citoyen,,2012,1,"2017-02-01 00:13:00","2017-02-01 00:13:00",1,1,0,user13,user13,,0,1,,,,,,,,,,,,,,,,,,,,,,,,,,,,,,,,,,,,,,,,,,,,,,,,,,,,,,,,,,,,,,,,,,,,,,,,,,,
export_contribution_type_proposal_vote,proposal14,"2017-02-01 14:00:00","""5-1""","Mon super projet",,TODO,user1,50,50,0,0,0,0,,Justice,,,,"Maurepas Patton",100,,https://capco.dev/project/appel-a-projets/collect/collecte-des-propositions-avec-vote-simple/proposals/mon-super-projet?_locale=fr-FR,"En cours","2017-02-01 14:00:00","2017-02-01 14:00:00",export_proposal_publication_status_published,"2017-02-01 14:00:00",,,lbrunet,Oui,lbrunet@cap-collectif.com,1,Citoyen,,2013,1,"2017-02-01 00:14:00","2017-02-01 00:14:00",1,1,0,user14,user14,,0,1,,,,,,,,,,,,,,,,,,,,,,,,,,,,,,,,,,,,,,,,,,,,,,,,,,,,,,,,,,,,,,,,,,,,,,,,,,,
export_contribution_type_proposal_vote,proposal14,"2017-02-01 14:00:00","""5-1""","Mon super projet",,TODO,user1,50,50,0,0,0,0,,Justice,,,,"Maurepas Patton",100,,https://capco.dev/project/appel-a-projets/collect/collecte-des-propositions-avec-vote-simple/proposals/mon-super-projet?_locale=fr-FR,"En cours","2017-02-01 14:00:00","2017-02-01 14:00:00",export_proposal_publication_status_published,"2017-02-01 14:00:00",,,lbrunet,Oui,lbrunet@cap-collectif.com,1,Citoyen,,2014,1,"2017-02-01 00:15:00","2017-02-01 00:15:00",1,1,0,user15,user15,,0,1,,,,,,,,,,,,,,,,,,,,,,,,,,,,,,,,,,,,,,,,,,,,,,,,,,,,,,,,,,,,,,,,,,,,,,,,,,,
export_contribution_type_proposal_vote,proposal14,"2017-02-01 14:00:00","""5-1""","Mon super projet",,TODO,user1,50,50,0,0,0,0,,Justice,,,,"Maurepas Patton",100,,https://capco.dev/project/appel-a-projets/collect/collecte-des-propositions-avec-vote-simple/proposals/mon-super-projet?_locale=fr-FR,"En cours","2017-02-01 14:00:00","2017-02-01 14:00:00",export_proposal_publication_status_published,"2017-02-01 14:00:00",,,lbrunet,Oui,lbrunet@cap-collectif.com,1,Citoyen,,2015,1,"2017-02-01 00:16:00","2017-02-01 00:16:00",1,1,0,user16,user16,,0,1,,,,,,,,,,,,,,,,,,,,,,,,,,,,,,,,,,,,,,,,,,,,,,,,,,,,,,,,,,,,,,,,,,,,,,,,,,,
export_contribution_type_proposal_vote,proposal14,"2017-02-01 14:00:00","""5-1""","Mon super projet",,TODO,user1,50,50,0,0,0,0,,Justice,,,,"Maurepas Patton",100,,https://capco.dev/project/appel-a-projets/collect/collecte-des-propositions-avec-vote-simple/proposals/mon-super-projet?_locale=fr-FR,"En cours","2017-02-01 14:00:00","2017-02-01 14:00:00",export_proposal_publication_status_published,"2017-02-01 14:00:00",,,lbrunet,Oui,lbrunet@cap-collectif.com,1,Citoyen,,2016,1,"2017-02-01 00:17:00","2017-02-01 00:17:00",1,1,0,user17,user17,,0,1,,,,,,,,,,,,,,,,,,,,,,,,,,,,,,,,,,,,,,,,,,,,,,,,,,,,,,,,,,,,,,,,,,,,,,,,,,,
export_contribution_type_proposal_vote,proposal14,"2017-02-01 14:00:00","""5-1""","Mon super projet",,TODO,user1,50,50,0,0,0,0,,Justice,,,,"Maurepas Patton",100,,https://capco.dev/project/appel-a-projets/collect/collecte-des-propositions-avec-vote-simple/proposals/mon-super-projet?_locale=fr-FR,"En cours","2017-02-01 14:00:00","2017-02-01 14:00:00",export_proposal_publication_status_published,"2017-02-01 14:00:00",,,lbrunet,Oui,lbrunet@cap-collectif.com,1,Citoyen,,2017,1,"2017-02-01 00:18:00","2017-02-01 00:18:00",1,1,0,user18,user18,,0,1,,,,,,,,,,,,,,,,,,,,,,,,,,,,,,,,,,,,,,,,,,,,,,,,,,,,,,,,,,,,,,,,,,,,,,,,,,,
export_contribution_type_proposal_vote,proposal14,"2017-02-01 14:00:00","""5-1""","Mon super projet",,TODO,user1,50,50,0,0,0,0,,Justice,,,,"Maurepas Patton",100,,https://capco.dev/project/appel-a-projets/collect/collecte-des-propositions-avec-vote-simple/proposals/mon-super-projet?_locale=fr-FR,"En cours","2017-02-01 14:00:00","2017-02-01 14:00:00",export_proposal_publication_status_published,"2017-02-01 14:00:00",,,lbrunet,Oui,lbrunet@cap-collectif.com,1,Citoyen,,2018,1,"2017-02-01 00:19:00","2017-02-01 00:19:00",1,1,0,user19,user19,,0,1,,,,,,,,,,,,,,,,,,,,,,,,,,,,,,,,,,,,,,,,,,,,,,,,,,,,,,,,,,,,,,,,,,,,,,,,,,,
export_contribution_type_proposal_vote,proposal14,"2017-02-01 14:00:00","""5-1""","Mon super projet",,TODO,user1,50,50,0,0,0,0,,Justice,,,,"Maurepas Patton",100,,https://capco.dev/project/appel-a-projets/collect/collecte-des-propositions-avec-vote-simple/proposals/mon-super-projet?_locale=fr-FR,"En cours","2017-02-01 14:00:00","2017-02-01 14:00:00",export_proposal_publication_status_published,"2017-02-01 14:00:00",,,lbrunet,Oui,lbrunet@cap-collectif.com,1,Citoyen,,2019,1,"2017-02-01 00:20:00","2017-02-01 00:20:00",1,1,0,user20,user20,,0,1,,,,,,,,,,,,,,,,,,,,,,,,,,,,,,,,,,,,,,,,,,,,,,,,,,,,,,,,,,,,,,,,,,,,,,,,,,,
export_contribution_type_proposal_vote,proposal14,"2017-02-01 14:00:00","""5-1""","Mon super projet",,TODO,user1,50,50,0,0,0,0,,Justice,,,,"Maurepas Patton",100,,https://capco.dev/project/appel-a-projets/collect/collecte-des-propositions-avec-vote-simple/proposals/mon-super-projet?_locale=fr-FR,"En cours","2017-02-01 14:00:00","2017-02-01 14:00:00",export_proposal_publication_status_published,"2017-02-01 14:00:00",,,lbrunet,Oui,lbrunet@cap-collectif.com,1,Citoyen,,2020,1,"2017-02-01 00:21:00","2017-02-01 00:21:00",1,1,0,user21,user21,,0,1,,,,,,,,,,,,,,,,,,,,,,,,,,,,,,,,,,,,,,,,,,,,,,,,,,,,,,,,,,,,,,,,,,,,,,,,,,,
export_contribution_type_proposal_vote,proposal14,"2017-02-01 14:00:00","""5-1""","Mon super projet",,TODO,user1,50,50,0,0,0,0,,Justice,,,,"Maurepas Patton",100,,https://capco.dev/project/appel-a-projets/collect/collecte-des-propositions-avec-vote-simple/proposals/mon-super-projet?_locale=fr-FR,"En cours","2017-02-01 14:00:00","2017-02-01 14:00:00",export_proposal_publication_status_published,"2017-02-01 14:00:00",,,lbrunet,Oui,lbrunet@cap-collectif.com,1,Citoyen,,2021,1,"2017-02-01 00:22:00","2017-02-01 00:22:00",1,1,0,user22,user22,,0,1,,,,,,,,,,,,,,,,,,,,,,,,,,,,,,,,,,,,,,,,,,,,,,,,,,,,,,,,,,,,,,,,,,,,,,,,,,,
export_contribution_type_proposal_vote,proposal14,"2017-02-01 14:00:00","""5-1""","Mon super projet",,TODO,user1,50,50,0,0,0,0,,Justice,,,,"Maurepas Patton",100,,https://capco.dev/project/appel-a-projets/collect/collecte-des-propositions-avec-vote-simple/proposals/mon-super-projet?_locale=fr-FR,"En cours","2017-02-01 14:00:00","2017-02-01 14:00:00",export_proposal_publication_status_published,"2017-02-01 14:00:00",,,lbrunet,Oui,lbrunet@cap-collectif.com,1,Citoyen,,2022,1,"2017-02-01 00:23:00","2017-02-01 00:23:00",1,1,0,user23,user23,,0,1,,,,,,,,,,,,,,,,,,,,,,,,,,,,,,,,,,,,,,,,,,,,,,,,,,,,,,,,,,,,,,,,,,,,,,,,,,,
export_contribution_type_proposal_vote,proposal14,"2017-02-01 14:00:00","""5-1""","Mon super projet",,TODO,user1,50,50,0,0,0,0,,Justice,,,,"Maurepas Patton",100,,https://capco.dev/project/appel-a-projets/collect/collecte-des-propositions-avec-vote-simple/proposals/mon-super-projet?_locale=fr-FR,"En cours","2017-02-01 14:00:00","2017-02-01 14:00:00",export_proposal_publication_status_published,"2017-02-01 14:00:00",,,lbrunet,Oui,lbrunet@cap-collectif.com,1,Citoyen,,2023,1,"2017-02-01 00:24:00","2017-02-01 00:24:00",1,1,0,user24,user24,,0,1,,,,,,,,,,,,,,,,,,,,,,,,,,,,,,,,,,,,,,,,,,,,,,,,,,,,,,,,,,,,,,,,,,,,,,,,,,,
export_contribution_type_proposal_vote,proposal14,"2017-02-01 14:00:00","""5-1""","Mon super projet",,TODO,user1,50,50,0,0,0,0,,Justice,,,,"Maurepas Patton",100,,https://capco.dev/project/appel-a-projets/collect/collecte-des-propositions-avec-vote-simple/proposals/mon-super-projet?_locale=fr-FR,"En cours","2017-02-01 14:00:00","2017-02-01 14:00:00",export_proposal_publication_status_published,"2017-02-01 14:00:00",,,lbrunet,Oui,lbrunet@cap-collectif.com,1,Citoyen,,2024,1,"2017-02-01 00:25:00","2017-02-01 00:25:00",1,1,0,user25,user25,,0,1,,,,,,,,,,,,,,,,,,,,,,,,,,,,,,,,,,,,,,,,,,,,,,,,,,,,,,,,,,,,,,,,,,,,,,,,,,,
export_contribution_type_proposal_vote,proposal14,"2017-02-01 14:00:00","""5-1""","Mon super projet",,TODO,user1,50,50,0,0,0,0,,Justice,,,,"Maurepas Patton",100,,https://capco.dev/project/appel-a-projets/collect/collecte-des-propositions-avec-vote-simple/proposals/mon-super-projet?_locale=fr-FR,"En cours","2017-02-01 14:00:00","2017-02-01 14:00:00",export_proposal_publication_status_published,"2017-02-01 14:00:00",,,lbrunet,Oui,lbrunet@cap-collectif.com,1,Citoyen,,2025,1,"2017-02-01 00:26:00","2017-02-01 00:26:00",1,1,0,user26,user26,,0,1,,,,,,,,,,,,,,,,,,,,,,,,,,,,,,,,,,,,,,,,,,,,,,,,,,,,,,,,,,,,,,,,,,,,,,,,,,,
export_contribution_type_proposal_vote,proposal14,"2017-02-01 14:00:00","""5-1""","Mon super projet",,TODO,user1,50,50,0,0,0,0,,Justice,,,,"Maurepas Patton",100,,https://capco.dev/project/appel-a-projets/collect/collecte-des-propositions-avec-vote-simple/proposals/mon-super-projet?_locale=fr-FR,"En cours","2017-02-01 14:00:00","2017-02-01 14:00:00",export_proposal_publication_status_published,"2017-02-01 14:00:00",,,lbrunet,Oui,lbrunet@cap-collectif.com,1,Citoyen,,2026,1,"2017-02-01 00:27:00","2017-02-01 00:27:00",1,1,0,user27,user27,,0,1,,,,,,,,,,,,,,,,,,,,,,,,,,,,,,,,,,,,,,,,,,,,,,,,,,,,,,,,,,,,,,,,,,,,,,,,,,,
export_contribution_type_proposal_vote,proposal14,"2017-02-01 14:00:00","""5-1""","Mon super projet",,TODO,user1,50,50,0,0,0,0,,Justice,,,,"Maurepas Patton",100,,https://capco.dev/project/appel-a-projets/collect/collecte-des-propositions-avec-vote-simple/proposals/mon-super-projet?_locale=fr-FR,"En cours","2017-02-01 14:00:00","2017-02-01 14:00:00",export_proposal_publication_status_published,"2017-02-01 14:00:00",,,lbrunet,Oui,lbrunet@cap-collectif.com,1,Citoyen,,2027,1,"2017-02-01 00:28:00","2017-02-01 00:28:00",1,1,0,user28,user28,,0,1,,,,,,,,,,,,,,,,,,,,,,,,,,,,,,,,,,,,,,,,,,,,,,,,,,,,,,,,,,,,,,,,,,,,,,,,,,,
export_contribution_type_proposal_vote,proposal14,"2017-02-01 14:00:00","""5-1""","Mon super projet",,TODO,user1,50,50,0,0,0,0,,Justice,,,,"Maurepas Patton",100,,https://capco.dev/project/appel-a-projets/collect/collecte-des-propositions-avec-vote-simple/proposals/mon-super-projet?_locale=fr-FR,"En cours","2017-02-01 14:00:00","2017-02-01 14:00:00",export_proposal_publication_status_published,"2017-02-01 14:00:00",,,lbrunet,Oui,lbrunet@cap-collectif.com,1,Citoyen,,2028,1,"2017-02-01 00:29:00","2017-02-01 00:29:00",1,1,0,user29,user29,,0,1,,,,,,,,,,,,,,,,,,,,,,,,,,,,,,,,,,,,,,,,,,,,,,,,,,,,,,,,,,,,,,,,,,,,,,,,,,,
export_contribution_type_proposal_vote,proposal14,"2017-02-01 14:00:00","""5-1""","Mon super projet",,TODO,user1,50,50,0,0,0,0,,Justice,,,,"Maurepas Patton",100,,https://capco.dev/project/appel-a-projets/collect/collecte-des-propositions-avec-vote-simple/proposals/mon-super-projet?_locale=fr-FR,"En cours","2017-02-01 14:00:00","2017-02-01 14:00:00",export_proposal_publication_status_published,"2017-02-01 14:00:00",,,lbrunet,Oui,lbrunet@cap-collectif.com,1,Citoyen,,2029,1,"2017-02-01 00:30:00","2017-02-01 00:30:00",1,1,0,user30,user30,,0,1,,,,,,,,,,,,,,,,,,,,,,,,,,,,,,,,,,,,,,,,,,,,,,,,,,,,,,,,,,,,,,,,,,,,,,,,,,,
export_contribution_type_proposal_vote,proposal14,"2017-02-01 14:00:00","""5-1""","Mon super projet",,TODO,user1,50,50,0,0,0,0,,Justice,,,,"Maurepas Patton",100,,https://capco.dev/project/appel-a-projets/collect/collecte-des-propositions-avec-vote-simple/proposals/mon-super-projet?_locale=fr-FR,"En cours","2017-02-01 14:00:00","2017-02-01 14:00:00",export_proposal_publication_status_published,"2017-02-01 14:00:00",,,lbrunet,Oui,lbrunet@cap-collectif.com,1,Citoyen,,2030,1,"2017-02-01 00:31:00","2017-02-01 00:31:00",1,1,0,user31,user31,,0,1,,,,,,,,,,,,,,,,,,,,,,,,,,,,,,,,,,,,,,,,,,,,,,,,,,,,,,,,,,,,,,,,,,,,,,,,,,,
export_contribution_type_proposal_vote,proposal14,"2017-02-01 14:00:00","""5-1""","Mon super projet",,TODO,user1,50,50,0,0,0,0,,Justice,,,,"Maurepas Patton",100,,https://capco.dev/project/appel-a-projets/collect/collecte-des-propositions-avec-vote-simple/proposals/mon-super-projet?_locale=fr-FR,"En cours","2017-02-01 14:00:00","2017-02-01 14:00:00",export_proposal_publication_status_published,"2017-02-01 14:00:00",,,lbrunet,Oui,lbrunet@cap-collectif.com,1,Citoyen,,2031,1,"2017-02-01 00:32:00","2017-02-01 00:32:00",1,1,0,user32,user32,,0,1,,,,,,,,,,,,,,,,,,,,,,,,,,,,,,,,,,,,,,,,,,,,,,,,,,,,,,,,,,,,,,,,,,,,,,,,,,,
export_contribution_type_proposal_vote,proposal14,"2017-02-01 14:00:00","""5-1""","Mon super projet",,TODO,user1,50,50,0,0,0,0,,Justice,,,,"Maurepas Patton",100,,https://capco.dev/project/appel-a-projets/collect/collecte-des-propositions-avec-vote-simple/proposals/mon-super-projet?_locale=fr-FR,"En cours","2017-02-01 14:00:00","2017-02-01 14:00:00",export_proposal_publication_status_published,"2017-02-01 14:00:00",,,lbrunet,Oui,lbrunet@cap-collectif.com,1,Citoyen,,2032,1,"2017-02-01 00:33:00","2017-02-01 00:33:00",1,1,0,user33,user33,,0,1,,,,,,,,,,,,,,,,,,,,,,,,,,,,,,,,,,,,,,,,,,,,,,,,,,,,,,,,,,,,,,,,,,,,,,,,,,,
export_contribution_type_proposal_vote,proposal14,"2017-02-01 14:00:00","""5-1""","Mon super projet",,TODO,user1,50,50,0,0,0,0,,Justice,,,,"Maurepas Patton",100,,https://capco.dev/project/appel-a-projets/collect/collecte-des-propositions-avec-vote-simple/proposals/mon-super-projet?_locale=fr-FR,"En cours","2017-02-01 14:00:00","2017-02-01 14:00:00",export_proposal_publication_status_published,"2017-02-01 14:00:00",,,lbrunet,Oui,lbrunet@cap-collectif.com,1,Citoyen,,2033,1,"2017-02-01 00:34:00","2017-02-01 00:34:00",1,1,0,user34,user34,,0,1,,,,,,,,,,,,,,,,,,,,,,,,,,,,,,,,,,,,,,,,,,,,,,,,,,,,,,,,,,,,,,,,,,,,,,,,,,,
export_contribution_type_proposal_vote,proposal14,"2017-02-01 14:00:00","""5-1""","Mon super projet",,TODO,user1,50,50,0,0,0,0,,Justice,,,,"Maurepas Patton",100,,https://capco.dev/project/appel-a-projets/collect/collecte-des-propositions-avec-vote-simple/proposals/mon-super-projet?_locale=fr-FR,"En cours","2017-02-01 14:00:00","2017-02-01 14:00:00",export_proposal_publication_status_published,"2017-02-01 14:00:00",,,lbrunet,Oui,lbrunet@cap-collectif.com,1,Citoyen,,2034,1,"2017-02-01 00:35:00","2017-02-01 00:35:00",1,1,0,user35,user35,,0,1,,,,,,,,,,,,,,,,,,,,,,,,,,,,,,,,,,,,,,,,,,,,,,,,,,,,,,,,,,,,,,,,,,,,,,,,,,,
export_contribution_type_proposal_vote,proposal14,"2017-02-01 14:00:00","""5-1""","Mon super projet",,TODO,user1,50,50,0,0,0,0,,Justice,,,,"Maurepas Patton",100,,https://capco.dev/project/appel-a-projets/collect/collecte-des-propositions-avec-vote-simple/proposals/mon-super-projet?_locale=fr-FR,"En cours","2017-02-01 14:00:00","2017-02-01 14:00:00",export_proposal_publication_status_published,"2017-02-01 14:00:00",,,lbrunet,Oui,lbrunet@cap-collectif.com,1,Citoyen,,2035,1,"2017-02-01 00:36:00","2017-02-01 00:36:00",1,1,0,user36,user36,,0,1,,,,,,,,,,,,,,,,,,,,,,,,,,,,,,,,,,,,,,,,,,,,,,,,,,,,,,,,,,,,,,,,,,,,,,,,,,,
export_contribution_type_proposal_vote,proposal14,"2017-02-01 14:00:00","""5-1""","Mon super projet",,TODO,user1,50,50,0,0,0,0,,Justice,,,,"Maurepas Patton",100,,https://capco.dev/project/appel-a-projets/collect/collecte-des-propositions-avec-vote-simple/proposals/mon-super-projet?_locale=fr-FR,"En cours","2017-02-01 14:00:00","2017-02-01 14:00:00",export_proposal_publication_status_published,"2017-02-01 14:00:00",,,lbrunet,Oui,lbrunet@cap-collectif.com,1,Citoyen,,2036,1,"2017-02-01 00:37:00","2017-02-01 00:37:00",1,1,0,user37,user37,,0,1,,,,,,,,,,,,,,,,,,,,,,,,,,,,,,,,,,,,,,,,,,,,,,,,,,,,,,,,,,,,,,,,,,,,,,,,,,,
export_contribution_type_proposal_vote,proposal14,"2017-02-01 14:00:00","""5-1""","Mon super projet",,TODO,user1,50,50,0,0,0,0,,Justice,,,,"Maurepas Patton",100,,https://capco.dev/project/appel-a-projets/collect/collecte-des-propositions-avec-vote-simple/proposals/mon-super-projet?_locale=fr-FR,"En cours","2017-02-01 14:00:00","2017-02-01 14:00:00",export_proposal_publication_status_published,"2017-02-01 14:00:00",,,lbrunet,Oui,lbrunet@cap-collectif.com,1,Citoyen,,2037,1,"2017-02-01 00:38:00","2017-02-01 00:38:00",1,1,0,user38,user38,,0,1,,,,,,,,,,,,,,,,,,,,,,,,,,,,,,,,,,,,,,,,,,,,,,,,,,,,,,,,,,,,,,,,,,,,,,,,,,,
export_contribution_type_proposal_vote,proposal14,"2017-02-01 14:00:00","""5-1""","Mon super projet",,TODO,user1,50,50,0,0,0,0,,Justice,,,,"Maurepas Patton",100,,https://capco.dev/project/appel-a-projets/collect/collecte-des-propositions-avec-vote-simple/proposals/mon-super-projet?_locale=fr-FR,"En cours","2017-02-01 14:00:00","2017-02-01 14:00:00",export_proposal_publication_status_published,"2017-02-01 14:00:00",,,lbrunet,Oui,lbrunet@cap-collectif.com,1,Citoyen,,2038,1,"2017-02-01 00:39:00","2017-02-01 00:39:00",1,1,0,user39,user39,,0,1,,,,,,,,,,,,,,,,,,,,,,,,,,,,,,,,,,,,,,,,,,,,,,,,,,,,,,,,,,,,,,,,,,,,,,,,,,,
export_contribution_type_proposal_vote,proposal14,"2017-02-01 14:00:00","""5-1""","Mon super projet",,TODO,user1,50,50,0,0,0,0,,Justice,,,,"Maurepas Patton",100,,https://capco.dev/project/appel-a-projets/collect/collecte-des-propositions-avec-vote-simple/proposals/mon-super-projet?_locale=fr-FR,"En cours","2017-02-01 14:00:00","2017-02-01 14:00:00",export_proposal_publication_status_published,"2017-02-01 14:00:00",,,lbrunet,Oui,lbrunet@cap-collectif.com,1,Citoyen,,2039,1,"2017-02-01 00:40:00","2017-02-01 00:40:00",1,1,0,user40,user40,,0,1,,,,,,,,,,,,,,,,,,,,,,,,,,,,,,,,,,,,,,,,,,,,,,,,,,,,,,,,,,,,,,,,,,,,,,,,,,,
export_contribution_type_proposal_vote,proposal14,"2017-02-01 14:00:00","""5-1""","Mon super projet",,TODO,user1,50,50,0,0,0,0,,Justice,,,,"Maurepas Patton",100,,https://capco.dev/project/appel-a-projets/collect/collecte-des-propositions-avec-vote-simple/proposals/mon-super-projet?_locale=fr-FR,"En cours","2017-02-01 14:00:00","2017-02-01 14:00:00",export_proposal_publication_status_published,"2017-02-01 14:00:00",,,lbrunet,Oui,lbrunet@cap-collectif.com,1,Citoyen,,2040,1,"2017-02-01 00:41:00","2017-02-01 00:41:00",1,1,0,user41,user41,,0,1,,,,,,,,,,,,,,,,,,,,,,,,,,,,,,,,,,,,,,,,,,,,,,,,,,,,,,,,,,,,,,,,,,,,,,,,,,,
export_contribution_type_proposal_vote,proposal14,"2017-02-01 14:00:00","""5-1""","Mon super projet",,TODO,user1,50,50,0,0,0,0,,Justice,,,,"Maurepas Patton",100,,https://capco.dev/project/appel-a-projets/collect/collecte-des-propositions-avec-vote-simple/proposals/mon-super-projet?_locale=fr-FR,"En cours","2017-02-01 14:00:00","2017-02-01 14:00:00",export_proposal_publication_status_published,"2017-02-01 14:00:00",,,lbrunet,Oui,lbrunet@cap-collectif.com,1,Citoyen,,2041,1,"2017-02-01 00:42:00","2017-02-01 00:42:00",1,1,0,user42,user42,,0,1,,,,,,,,,,,,,,,,,,,,,,,,,,,,,,,,,,,,,,,,,,,,,,,,,,,,,,,,,,,,,,,,,,,,,,,,,,,
export_contribution_type_proposal_vote,proposal14,"2017-02-01 14:00:00","""5-1""","Mon super projet",,TODO,user1,50,50,0,0,0,0,,Justice,,,,"Maurepas Patton",100,,https://capco.dev/project/appel-a-projets/collect/collecte-des-propositions-avec-vote-simple/proposals/mon-super-projet?_locale=fr-FR,"En cours","2017-02-01 14:00:00","2017-02-01 14:00:00",export_proposal_publication_status_published,"2017-02-01 14:00:00",,,lbrunet,Oui,lbrunet@cap-collectif.com,1,Citoyen,,2042,1,"2017-02-01 00:43:00","2017-02-01 00:43:00",1,1,0,user43,user43,,0,1,,,,,,,,,,,,,,,,,,,,,,,,,,,,,,,,,,,,,,,,,,,,,,,,,,,,,,,,,,,,,,,,,,,,,,,,,,,
export_contribution_type_proposal_vote,proposal14,"2017-02-01 14:00:00","""5-1""","Mon super projet",,TODO,user1,50,50,0,0,0,0,,Justice,,,,"Maurepas Patton",100,,https://capco.dev/project/appel-a-projets/collect/collecte-des-propositions-avec-vote-simple/proposals/mon-super-projet?_locale=fr-FR,"En cours","2017-02-01 14:00:00","2017-02-01 14:00:00",export_proposal_publication_status_published,"2017-02-01 14:00:00",,,lbrunet,Oui,lbrunet@cap-collectif.com,1,Citoyen,,2043,1,"2017-02-01 00:44:00","2017-02-01 00:44:00",1,1,0,user44,user44,,0,1,,,,,,,,,,,,,,,,,,,,,,,,,,,,,,,,,,,,,,,,,,,,,,,,,,,,,,,,,,,,,,,,,,,,,,,,,,,
export_contribution_type_proposal_vote,proposal14,"2017-02-01 14:00:00","""5-1""","Mon super projet",,TODO,user1,50,50,0,0,0,0,,Justice,,,,"Maurepas Patton",100,,https://capco.dev/project/appel-a-projets/collect/collecte-des-propositions-avec-vote-simple/proposals/mon-super-projet?_locale=fr-FR,"En cours","2017-02-01 14:00:00","2017-02-01 14:00:00",export_proposal_publication_status_published,"2017-02-01 14:00:00",,,lbrunet,Oui,lbrunet@cap-collectif.com,1,Citoyen,,2044,1,"2017-02-01 00:45:00","2017-02-01 00:45:00",1,1,0,user45,user45,,0,1,,,,,,,,,,,,,,,,,,,,,,,,,,,,,,,,,,,,,,,,,,,,,,,,,,,,,,,,,,,,,,,,,,,,,,,,,,,
export_contribution_type_proposal_vote,proposal14,"2017-02-01 14:00:00","""5-1""","Mon super projet",,TODO,user1,50,50,0,0,0,0,,Justice,,,,"Maurepas Patton",100,,https://capco.dev/project/appel-a-projets/collect/collecte-des-propositions-avec-vote-simple/proposals/mon-super-projet?_locale=fr-FR,"En cours","2017-02-01 14:00:00","2017-02-01 14:00:00",export_proposal_publication_status_published,"2017-02-01 14:00:00",,,lbrunet,Oui,lbrunet@cap-collectif.com,1,Citoyen,,2045,1,"2017-02-01 00:46:00","2017-02-01 00:46:00",1,1,0,user46,user46,,0,1,,,,,,,,,,,,,,,,,,,,,,,,,,,,,,,,,,,,,,,,,,,,,,,,,,,,,,,,,,,,,,,,,,,,,,,,,,,
export_contribution_type_proposal_vote,proposal14,"2017-02-01 14:00:00","""5-1""","Mon super projet",,TODO,user1,50,50,0,0,0,0,,Justice,,,,"Maurepas Patton",100,,https://capco.dev/project/appel-a-projets/collect/collecte-des-propositions-avec-vote-simple/proposals/mon-super-projet?_locale=fr-FR,"En cours","2017-02-01 14:00:00","2017-02-01 14:00:00",export_proposal_publication_status_published,"2017-02-01 14:00:00",,,lbrunet,Oui,lbrunet@cap-collectif.com,1,Citoyen,,2046,1,"2017-02-01 00:47:00","2017-02-01 00:47:00",1,1,0,user47,user47,,0,1,,,,,,,,,,,,,,,,,,,,,,,,,,,,,,,,,,,,,,,,,,,,,,,,,,,,,,,,,,,,,,,,,,,,,,,,,,,
export_contribution_type_proposal_vote,proposal14,"2017-02-01 14:00:00","""5-1""","Mon super projet",,TODO,user1,50,50,0,0,0,0,,Justice,,,,"Maurepas Patton",100,,https://capco.dev/project/appel-a-projets/collect/collecte-des-propositions-avec-vote-simple/proposals/mon-super-projet?_locale=fr-FR,"En cours","2017-02-01 14:00:00","2017-02-01 14:00:00",export_proposal_publication_status_published,"2017-02-01 14:00:00",,,lbrunet,Oui,lbrunet@cap-collectif.com,1,Citoyen,,2047,1,"2017-02-01 00:48:00","2017-02-01 00:48:00",1,1,0,user48,user48,,0,1,,,,,,,,,,,,,,,,,,,,,,,,,,,,,,,,,,,,,,,,,,,,,,,,,,,,,,,,,,,,,,,,,,,,,,,,,,,
export_contribution_type_proposal_vote,proposal14,"2017-02-01 14:00:00","""5-1""","Mon super projet",,TODO,user1,50,50,0,0,0,0,,Justice,,,,"Maurepas Patton",100,,https://capco.dev/project/appel-a-projets/collect/collecte-des-propositions-avec-vote-simple/proposals/mon-super-projet?_locale=fr-FR,"En cours","2017-02-01 14:00:00","2017-02-01 14:00:00",export_proposal_publication_status_published,"2017-02-01 14:00:00",,,lbrunet,Oui,lbrunet@cap-collectif.com,1,Citoyen,,2048,1,"2017-02-01 00:49:00","2017-02-01 00:49:00",1,1,0,user49,user49,,0,1,,,,,,,,,,,,,,,,,,,,,,,,,,,,,,,,,,,,,,,,,,,,,,,,,,,,,,,,,,,,,,,,,,,,,,,,,,,
export_contribution_type_proposal_vote,proposal14,"2017-02-01 14:00:00","""5-1""","Mon super projet",,TODO,user1,50,50,0,0,0,0,,Justice,,,,"Maurepas Patton",100,,https://capco.dev/project/appel-a-projets/collect/collecte-des-propositions-avec-vote-simple/proposals/mon-super-projet?_locale=fr-FR,"En cours","2017-02-01 14:00:00","2017-02-01 14:00:00",export_proposal_publication_status_published,"2017-02-01 14:00:00",,,lbrunet,Oui,lbrunet@cap-collectif.com,1,Citoyen,,2049,1,"2017-02-01 00:50:00","2017-02-01 00:50:00",1,1,0,user50,user50,,0,1,,,,,,,,,,,,,,,,,,,,,,,,,,,,,,,,,,,,,,,,,,,,,,,,,,,,,,,,,,,,,,,,,,,,,,,,,,,
