email
someone@cap-collectif.com
someoneelse@cap-collectif.com
